NamePlayer/design/x/y/tipo/firsttime/round
22	P/65/2	1	1	1
2	P/66/2	1	1	1
2	P/67/2	1	1	1
2	P/68/2	1	1	1
2	P/69/2	1	1	1
2	P/70/2	1	1	1
2	P/71/2	1	1	1
2	P/72/2	1	1	1
2	T/65/1	1	2	1
2	T/72/1	1	2	1
2	N/66/1	1	3	1
2	N/71/1	1	3	1
2	B/67/1	1	4	1
2	B/70/1	1	4	1
2	K/68/1	1	5	1
2	Q/69/1	1	6	1
11	p/65/7	1	1	1
1	p/66/7	1	1	1
1	p/67/7	1	1	1
1	p/68/7	1	1	1
1	p/69/7	1	1	1
1	p/70/7	1	1	1
1	p/71/7	1	1	1
1	p/72/7	1	1	1
1	t/65/8	1	2	1
1	t/72/8	1	2	1
1	n/66/8	1	3	1
1	n/71/8	1	3	1
1	b/67/8	1	4	1
1	b/70/8	1	4	1
1	k/68/8	1	5	1
1	q/69/8	1	6	1
